0.02 1.0 150.0 110 170 0.2975599349012848 35.759439793435014
0.02 1.0 150.0 110 170 0.20738883186813062 8.90535786475351
0.02 1.0 150.0 110 170 0.19436421994293315 3.1955531846311556
0.02 1.0 150.0 110 170 0.19718308774755092 3.159987564658042
0.02 1.0 150.0 110 170 0.15455040511180956 4.015131624502609
0.02 1.0 150.0 110 170 0.1607512576741554 4.144751045386549
0.02 1.0 150.0 110 170 0.26026814609477766 5.388962791326859
0.02 1.0 150.0 110 170 0.20132292165390464 9.39706734067342
0.02 1.0 150.0 110 170 0.15906402905912864 10.874268111842884
0.02 1.0 150.0 110 170 0.20456782627032877 15.081922704724395
0.02 1.0 150.0 110 170 0.1759444938477584 8.78329973922982
0.02 1.0 150.0 110 170 0.2440503141134671 10.85822051822866
0.02 1.0 150.0 110 170 0.23023620230392508 7.86054272048194
0.02 1.0 150.0 110 170 0.1778358048270942 6.406052045469249
0.02 1.0 150.0 110 170 0.2542106193332279 16.755223220931075
0.02 1.0 150.0 110 170 0.12403605317630516 10.905286442538035
0.02 1.0 150.0 110 170 0.14851421922201336 7.935233095915858
0.02 1.0 150.0 110 170 0.20171978491492323 2.3430396702079848
0.02 1.0 150.0 110 170 0.1499109620142098 4.469061244459961
0.02 1.0 150.0 110 170 0.14287690254195448 29.511718688558172
0.02 1.0 150.0 110 170 0.2590089952592274 27.60158272623174
0.02 1.0 150.0 110 170 0.20309644154699058 5.90715388101707
0.02 1.0 150.0 110 170 0.15437747474581043 12.104335166533733
0.02 1.0 150.0 110 170 0.21750397009877773 7.441917686484609
0.02 1.0 150.0 110 170 0.19572763871749269 7.622856063389614
0.02 1.0 150.0 110 170 0.24209000782903461 2.3538007980869136
0.02 1.0 150.0 110 170 0.17183178932514337 4.257361478944321
0.02 1.0 150.0 110 170 0.19270396592252337 16.900531417427302
0.02 1.0 150.0 110 170 0.16040584472598357 5.333006011660689
0.02 1.0 150.0 110 170 0.17535782598288863 4.632666656924679
0.02 1.0 150.0 110 170 0.14736098225281583 6.73687263181571
0.02 1.0 150.0 110 170 0.19041487032556056 3.106540237535891
0.02 1.0 150.0 110 170 0.17077015589655736 8.458956637410909
0.02 1.0 150.0 110 170 0.15149015054506604 2.5733102609501852
0.02 1.0 150.0 110 170 0.23633607132098278 6.095860613789649
0.02 1.0 150.0 110 170 0.1909782608195813 7.517636761450379
0.02 1.0 150.0 110 170 0.21750324914982863 23.205810938855542
0.02 1.0 150.0 110 170 0.15652240438760703 19.043739385237902
0.02 1.0 150.0 110 170 0.25845790544097436 16.504062300649956
0.02 1.0 150.0 110 170 0.17697052106900005 23.223750577795055
0.02 1.0 150.0 110 170 0.14865427039427323 2.191782896446181
0.02 1.0 150.0 110 170 0.2664856301544551 6.424435729879706
0.02 1.0 150.0 110 170 0.18480048500662966 36.34380135889102
0.02 1.0 150.0 110 170 0.16871618201082048 16.12760466862861
0.02 1.0 150.0 110 170 0.15947320590029448 5.2921070863874995
0.02 1.0 150.0 110 170 0.17276495687714494 34.45016731215805
0.02 1.0 150.0 110 170 0.19491367966990078 12.490155202519782
0.02 1.0 150.0 110 170 0.23012327022031354 9.439555137241499
0.02 1.0 150.0 110 170 0.2196858122675585 4.405683644329317
0.02 1.0 150.0 110 170 0.14681623193337245 7.280869888486636
0.02 1.0 150.0 110 170 0.24214985326643743 16.656641132534347
0.02 1.0 150.0 110 170 0.2014431904750319 13.493258505938444
0.02 1.0 150.0 110 170 0.1599820633128266 3.8719321847894443
0.02 1.0 150.0 110 170 0.24663829758438735 10.086803420945177
0.02 1.0 150.0 110 170 0.24581509648889938 12.67465453990023
0.02 1.0 150.0 110 170 0.21761015421611762 11.9189635920608
0.02 1.0 150.0 110 170 0.16217386966722008 4.9733474074460355
0.02 1.0 150.0 110 170 0.1439832167491177 9.103823188200629
0.02 1.0 150.0 110 170 0.1879395077777926 5.453777486096072
0.02 1.0 150.0 110 170 0.193581724425993 2.6265013033366493
0.02 1.0 150.0 110 170 0.19638540499243803 17.973347171103864
0.02 1.0 150.0 110 170 0.22910175736773347 19.467525171028505
0.02 1.0 150.0 110 170 0.2120710344427749 10.415102300001461
0.02 1.0 150.0 110 170 0.18320713409718975 19.19667900503779
0.02 1.0 150.0 110 170 0.2816549586878483 2.3992307572572953
0.02 1.0 150.0 110 170 0.19029370161889578 3.8810934504046672
0.02 1.0 150.0 110 170 0.13221708335286297 4.691612749183257
0.02 1.0 150.0 110 170 0.2123376009011109 17.198402404922785
0.02 1.0 150.0 110 170 0.20156206533803672 12.181532356271834
0.02 1.0 150.0 110 170 0.16787889778088472 8.704607583748192
0.02 1.0 150.0 110 170 0.15261066197999584 2.3141929749666414
0.02 1.0 150.0 110 170 0.20090208220923142 5.113995055673527
0.02 1.0 150.0 110 170 0.23469370090982594 9.868314452163345
0.02 1.0 150.0 110 170 0.21110356228096047 5.720855609462053
0.02 1.0 150.0 110 170 0.191601203251949 15.121266360600533
0.02 1.0 150.0 110 170 0.18588617190098727 18.68172588789885
0.02 1.0 150.0 110 170 0.1675372391081551 8.594692430645436
0.02 1.0 150.0 110 170 0.1936493313903322 16.300108413384123
0.02 1.0 150.0 110 170 0.14479929431552302 3.9502257625527326
0.02 1.0 150.0 110 170 0.15557739514087995 71.63145466703527
0.02 1.0 150.0 110 170 0.23172114348128486 4.647936998052183
0.02 1.0 150.0 110 170 0.15647254436547703 38.68878578591157
0.02 1.0 150.0 110 170 0.16012977403377535 27.36784287043356
0.02 1.0 150.0 110 170 0.1895400726310937 3.293786087170509
0.02 1.0 150.0 110 170 0.17500726976887657 9.122060506646884
0.02 1.0 150.0 110 170 0.17442868651609722 10.77871869678253
0.02 1.0 150.0 110 170 0.16919894651718517 15.449805426226467
0.02 1.0 150.0 110 170 0.21408127939826438 13.124789773322792
0.02 1.0 150.0 110 170 0.11851304276057516 3.6789122065709923
0.02 1.0 150.0 110 170 0.19331720090936433 10.54714420397805
0.02 1.0 150.0 110 170 0.15197502055535564 9.064779709116628
0.02 1.0 150.0 110 170 0.2126137997003439 15.468723020138476
0.02 1.0 150.0 110 170 0.19572154491157753 5.57423248030102
0.02 1.0 150.0 110 170 0.159576928152808 2.571669749886927
0.02 1.0 150.0 110 170 0.20635928463678624 85.16272659286747
0.02 1.0 150.0 110 170 0.18001708059316704 3.952248243085513
0.02 1.0 150.0 110 170 0.24005641487018667 9.010286391485218
0.02 1.0 150.0 110 170 0.22954594593402133 14.949392227661757
0.02 1.0 150.0 110 170 0.23578319408982126 12.938682885948404
0.02 1.0 150.0 110 170 0.1529142876125491 20.650488671338728
0.04 1.0 150.0 110 170 12.749383608832417 0.2509339275084954
0.04 1.0 150.0 110 170 3.527193853770424 0.15528654485337937
0.04 1.0 150.0 110 170 13.25233212131667 0.15853364244316892
0.04 1.0 150.0 110 170 9.731878589093348 0.1831814644578759
0.04 1.0 150.0 110 170 16.841792031997507 0.166810515006406
0.04 1.0 150.0 110 170 4.04520802709284 0.21354599758246048
0.04 1.0 150.0 110 170 24.81116123302452 0.19498743520298
0.04 1.0 150.0 110 170 12.092643973643819 0.26635022131841674
0.04 1.0 150.0 110 170 7.964493577639116 0.2586694252694381
0.04 1.0 150.0 110 170 27.44218234656716 0.1902237750132488
0.04 1.0 150.0 110 170 12.394682827412671 0.16455291719497725
0.04 1.0 150.0 110 170 4.5214888067529575 0.18471921551440318
0.04 1.0 150.0 110 170 13.271150224956424 0.15869853721264035
0.04 1.0 150.0 110 170 11.380635045080767 0.2278635969288386
0.04 1.0 150.0 110 170 12.109130991823376 0.1989189621622369
0.04 1.0 150.0 110 170 13.828982130874792 0.2062670842655584
0.04 1.0 150.0 110 170 7.55754532850724 0.18576431165346852
0.04 1.0 150.0 110 170 6.676156078976671 0.24454805685928568
0.04 1.0 150.0 110 170 10.645864875236523 0.19417030069133512
0.04 1.0 150.0 110 170 5.6010033283680505 0.2036319376273478
0.04 1.0 150.0 110 170 10.50593458066534 0.24023450518298228
0.04 1.0 150.0 110 170 2.899213225405018 0.23344667968642016
0.04 1.0 150.0 110 170 10.649629479773097 0.16439275488582022
0.04 1.0 150.0 110 170 9.635557996807854 0.19927713351169998
0.04 1.0 150.0 110 170 1.9390897793319553 0.19312523587681632
0.04 1.0 150.0 110 170 10.731889634947128 0.15291798750324304
0.04 1.0 150.0 110 170 3.5983785594993307 0.20270997810582242
0.04 1.0 150.0 110 170 3.041054389779445 0.16003185785191024
0.04 1.0 150.0 110 170 3.743492915542877 0.1716272712738013
0.04 1.0 150.0 110 170 56.43777948927849 0.19054706278154382
0.04 1.0 150.0 110 170 6.9626421880165905 0.1540380197609433
0.04 1.0 150.0 110 170 18.329914684108655 0.1624373586460911
0.04 1.0 150.0 110 170 34.605283027059734 0.21083843967162022
0.04 1.0 150.0 110 170 5.419365058676181 0.16869262949268302
0.04 1.0 150.0 110 170 3.2988323414867633 0.15382430243455578
0.04 1.0 150.0 110 170 10.488200326926044 0.16433791360684807
0.04 1.0 150.0 110 170 16.92881999217415 0.15864510817823926
0.04 1.0 150.0 110 170 3.988202441237088 0.20284451815193716
0.04 1.0 150.0 110 170 9.91841750180838 0.24354190391697583
0.04 1.0 150.0 110 170 52.34219037286809 0.15985790220716456
0.04 1.0 150.0 110 170 20.938562027340502 0.20745214531258632
0.04 1.0 150.0 110 170 24.968353791547276 0.18529129824232937
0.04 1.0 150.0 110 170 15.022183107510212 0.23710230363834753
0.04 1.0 150.0 110 170 20.53473926992744 0.16902879157418035
0.04 1.0 150.0 110 170 29.656720212440415 0.15329456914699308
0.04 1.0 150.0 110 170 4.110165515740038 0.16483508344109607
0.04 1.0 150.0 110 170 16.66409352463286 0.21253811328160116
0.04 1.0 150.0 110 170 3.7232489862178606 0.18924752154136484
0.04 1.0 150.0 110 170 14.391755134597453 0.15295349956815732
0.04 1.0 150.0 110 170 2.801621669865389 0.1814588340009989
0.04 1.0 150.0 110 170 6.655166951386505 0.22030642281220297
0.04 1.0 150.0 110 170 1.542923551260543 0.15312898912289113
0.04 1.0 150.0 110 170 4.898642888044539 0.19347501059055403
0.04 1.0 150.0 110 170 5.4515928913199385 0.20704809359554277
0.04 1.0 150.0 110 170 28.0977548686351 0.21381678189852768
0.04 1.0 150.0 110 170 7.77740086530872 0.20360609735395838
0.04 1.0 150.0 110 170 27.23816701060985 0.1221343702860696
0.04 1.0 150.0 110 170 3.0859415895134195 0.14254168364462594
0.04 1.0 150.0 110 170 9.33424548648006 0.1880131242910145
0.04 1.0 150.0 110 170 51.12979609902259 0.16516759656026564
0.04 1.0 150.0 110 170 17.86289370670425 0.22194538162923286
0.04 1.0 150.0 110 170 19.160694813133627 0.2495843857911669
0.04 1.0 150.0 110 170 16.700536248420075 0.19043843481658848
0.04 1.0 150.0 110 170 7.469351912702515 0.19298015374265984
0.04 1.0 150.0 110 170 4.167697785324619 0.21090249158997007
0.04 1.0 150.0 110 170 6.03985064415117 0.20741124908556105
0.04 1.0 150.0 110 170 14.222228493439255 0.12077205281855831
0.04 1.0 150.0 110 170 7.410494786887395 0.2206842029752347
0.04 1.0 150.0 110 170 4.149014881750814 0.1768575015823858
0.04 1.0 150.0 110 170 25.780398338328936 0.20143922663235084
0.04 1.0 150.0 110 170 13.55715582583528 0.209352267654477
0.04 1.0 150.0 110 170 10.983990628002427 0.18865666253229973
0.04 1.0 150.0 110 170 8.463222713362685 0.16040974943106917
0.04 1.0 150.0 110 170 15.500751083084623 0.2226110068204612
0.04 1.0 150.0 110 170 3.4839554216581097 0.1480131297427309
0.04 1.0 150.0 110 170 2.7451611856479543 0.19931746576865614
0.04 1.0 150.0 110 170 6.0426537806214355 0.2046190203400459
0.04 1.0 150.0 110 170 6.162436989436721 0.15076592565191874
0.04 1.0 150.0 110 170 10.913369425095397 0.20764452006833295
0.04 1.0 150.0 110 170 8.35435004508016 0.21172320456949073
0.04 1.0 150.0 110 170 25.85344948523454 0.193293713290918
0.04 1.0 150.0 110 170 5.405384288042204 0.1645009344023215
0.04 1.0 150.0 110 170 7.386458929682418 0.2627903131377113
0.04 1.0 150.0 110 170 5.043527047924694 0.1531130348260549
0.04 1.0 150.0 110 170 5.408640271999065 0.19131565578633628
0.04 1.0 150.0 110 170 26.06801539545558 0.15519592966962306
0.04 1.0 150.0 110 170 28.43089684654814 0.1992964550029297
0.04 1.0 150.0 110 170 31.349915495693452 0.2564545038244771
0.04 1.0 150.0 110 170 22.66532118734277 0.20269265965928615
0.04 1.0 150.0 110 170 25.63640686425463 0.2556802470519208
0.04 1.0 150.0 110 170 6.009359106430004 0.19877852718168657
0.04 1.0 150.0 110 170 11.400599295827487 0.21103238727436388
0.04 1.0 150.0 110 170 18.12775076688069 0.19562261003796666
0.04 1.0 150.0 110 170 10.952435792306634 0.16319180471967232
0.04 1.0 150.0 110 170 20.064813113271335 0.15763159002165095
0.04 1.0 150.0 110 170 15.44359877060629 0.26176344401009927
0.04 1.0 150.0 110 170 5.14326003413455 0.1499003215726474
0.04 1.0 150.0 110 170 10.358887692049382 0.247704235451096
0.04 1.0 150.0 110 170 9.815247666917834 0.16688461333453483
0.04 1.0 150.0 110 170 1.3007963033750876 0.19041651707406612
